# 
# Header Description:
# 
# Version: v2.0.0.1 Platform: 8.1.0 Manufacturer: Xiaomi Model: MI 8
# 
# Raw,ElapsedRealtimeMillis,TimeNanos,LeapSecond,TimeUncertaintyNanos,FullBiasNanos,BiasNanos,BiasUncertaintyNanos,DriftNanosPerSecond,DriftUncertaintyNanosPerSecond,HardwareClockDiscontinuityCount,Svid,TimeOffsetNanos,State,ReceivedSvTimeNanos,ReceivedSvTimeUncertaintyNanos,Cn0DbHz,PseudorangeRateMetersPerSecond,PseudorangeRateUncertaintyMetersPerSecond,AccumulatedDeltaRangeState,AccumulatedDeltaRangeMeters,AccumulatedDeltaRangeUncertaintyMeters,CarrierFrequencyHz,CarrierCycles,CarrierPhase,CarrierPhaseUncertainty,MultipathIndicator,SnrInDb,ConstellationType,AgcDb,CarrierFrequencyHz
# 
# Fix,Provider,Latitude,Longitude,Altitude,Speed,Accuracy,(UTC)TimeInMs
# 
# Nav,Svid,Type,Status,MessageId,Sub-messageId,Data(Bytes)
# 
Raw,21460413,382108000000,,,-1219932164022392886,0.0,343683.9389010837,,,0,1,0.0,48,9919637,1000000000,28.75100326538086,-2.922710171887381,2.99792458E8,4,-195.4324438571714,3.4028234663852886E38,1.57542003E9,,,,1,,1,,1.57542003E9
Raw,21460413,382108000000,,,-1219932164022392886,0.0,343683.9389010837,,,0,10,0.0,16,13628731,1000000000,36.231937408447266,409.1773066916219,2.99792458E8,4,2537.026053547739,3.4028234663852886E38,1.57542003E9,,,,0,,1,,1.57542003E9
Raw,21460413,382108000000,,,-1219932164022392886,0.0,343683.9389010837,,,0,12,0.0,16,15924591,1000000000,35.17308044433594,318.39336687989885,2.99792458E8,4,2841.8079343970885,3.4028234663852886E38,1.57542003E9,,,,0,,1,,1.57542003E9
Raw,21460413,382108000000,,,-1219932164022392886,0.0,343683.9389010837,,,0,18,0.0,16,13894317,1000000000,29.783124923706055,267.2693923948028,2.99792458E8,4,1733.0326407975076,3.4028234663852886E38,1.57542003E9,,,,1,,1,,1.57542003E9
Raw,21460414,382108000000,,,-1219932164022392886,0.0,343683.9389010837,,,0,24,0.0,51,16840820,39,32.20061492919922,895.1421834343964,299.79549058172734,4,17602.32094948625,3.4028234663852886E38,1.57542003E9,,,,1,,1,,1.57542003E9
Raw,21460414,382108000000,,,-1219932164022392886,0.0,343683.9389010837,,,0,1,0.0,16,9919659,1000000000,7.0,-21.794785158168736,2.99792458E8,4,-1926.1401373038352,3.4028234663852886E38,1.17645005E9,,,,1,,1,,1.17645005E9
Raw,21460414,382108000000,,,-1219932164022392886,0.0,343683.9389010837,,,0,24,0.0,16,16840816,1000000000,7.0,885.067818275732,2.99792458E8,4,377330.7196873318,3.4028234663852886E38,1.17645005E9,,,,0,,1,,1.17645005E9
Raw,21461459,383108000000,,,-1219932164022392521,0.0,343786.9389010837,,,0,1,0.0,16,9919646,1000000000,32.13933181762695,-2.922710171887381,2.99792458E8,4,-204.9678592555822,3.4028234663852886E38,1.57542003E9,,,,0,,1,,1.57542003E9
Raw,21461459,383108000000,,,-1219932164022392521,0.0,343786.9389010837,,,0,10,0.0,17,627365,9,43.187538146972656,412.37042387833094,0.1523474490128982,4,2949.2315598314817,3.4028234663852886E38,1.57542003E9,,,,0,,1,,1.57542003E9
Raw,21461460,383108000000,,,-1219932164022392521,0.0,343786.9389010837,,,0,12,0.0,16,15923526,1000000000,40.7432746887207,318.39336687989885,2.99792458E8,4,3155.717501106552,3.4028234663852886E38,1.57542003E9,,,,0,,1,,1.57542003E9
Raw,21461460,383108000000,,,-1219932164022392521,0.0,343786.9389010837,,,0,14,0.0,17,651837,19,34.12674331665039,-133.3097455362988,0.41736490912771584,6,-887.3149269353066,3.4028234663852886E38,1.57542003E9,,,,0,,1,,1.57542003E9
Raw,21461460,383108000000,,,-1219932164022392521,0.0,343786.9389010837,,,0,18,0.0,16,13893419,1000000000,34.89510726928711,267.2693923948028,2.99792458E8,4,1995.2414089112826,3.4028234663852886E38,1.57542003E9,,,,0,,1,,1.57542003E9
Raw,21461461,383108000000,,,-1219932164022392521,0.0,343786.9389010837,,,0,20,0.0,17,182836,17,35.977970123291016,805.037506981173,0.3313348310909807,6,2691.860957062537,3.4028234663852886E38,1.57542003E9,,,,0,,1,,1.57542003E9
Raw,21461461,383108000000,,,-1219932164022392521,0.0,343786.9389010837,,,0,24,0.0,51,16837866,33,36.60481643676758,895.1421834343964,299.79549058172734,4,18491.10613640126,3.4028234663852886E38,1.57542003E9,,,,1,,1,,1.57542003E9
Raw,21461461,383108000000,,,-1219932164022392521,0.0,343786.9389010837,,,0,25,0.0,17,643089,78,33.86356735229492,-182.16754340473665,0.42721946534095867,6,-401.47587409677067,3.4028234663852886E38,1.57542003E9,,,,0,,1,,1.57542003E9
Raw,21461462,383108000000,,,-1219932164022392521,0.0,343786.9389010837,,,0,31,0.0,17,697602,116,30.784805297851562,-296.6518611218894,0.5660374438929612,6,-640.8713605198117,3.4028234663852886E38,1.57542003E9,,,,0,,1,,1.57542003E9
Raw,21461462,383108000000,,,-1219932164022392521,0.0,343786.9389010837,,,0,32,0.0,17,592351,23,34.021297454833984,-1.2995652654261223,5.858032982841735,6,-1.4579268193532244,3.4028234663852886E38,1.57542003E9,,,,0,,1,,1.57542003E9
Raw,21461462,383108000000,,,-1219932164022392521,0.0,343786.9389010837,,,0,1,0.0,16,9919693,1000000000,7.0,-25.8298817412779,2.99792458E8,4,-1936.123849851701,3.4028234663852886E38,1.17645005E9,,,,0,,1,,1.17645005E9
Raw,21461462,383108000000,,,-1219932164022392521,0.0,343786.9389010837,,,0,24,0.0,16,16837874,1000000000,7.0,885.4999838244412,2.99792458E8,4,378216.3617508398,3.4028234663852886E38,1.17645005E9,,,,1,,1,,1.17645005E9
Raw,21461463,383108000000,,,-1219932164022392521,0.0,343786.9389010837,,,0,25,0.0,16,7643070,1000000000,7.0,-178.9984884323327,2.99792458E8,6,-4329.092026482074,3.4028234663852886E38,1.17645005E9,,,,0,,1,,1.17645005E9
Raw,21461463,383108000000,,,-1219932164022392521,0.0,343786.9389010837,,,0,32,0.0,16,9592271,1000000000,7.0,-4.969739788334195,2.99792458E8,6,54.634181654593306,3.4028234663852886E38,1.17645005E9,,,,0,,1,,1.17645005E9
Raw,21462478,384108000000,,,-1219932164022392156,0.0,343889.9389010837,,,0,1,0.0,16,9919673,1000000000,31.214693069458008,-2.922710171887381,2.99792458E8,4,-212.22867060498714,3.4028234663852886E38,1.57542003E9,,,,0,,1,,1.57542003E9
Raw,21462479,384108000000,,,-1219932164022392156,0.0,343889.9389010837,,,0,10,0.0,16,13625971,1000000000,41.167991638183594,414.5307403850293,2.99792458E8,4,3362.2576965349917,3.4028234663852886E38,1.57542003E9,,,,0,,1,,1.57542003E9
Raw,21462479,384108000000,,,-1219932164022392156,0.0,343889.9389010837,,,0,12,0.0,17,922451,14,38.1502799987793,317.8892873479265,0.23593999901892238,4,3473.235100965292,3.4028234663852886E38,1.57542003E9,,,,0,,1,,1.57542003E9
Raw,21462480,384108000000,,,-1219932164022392156,0.0,343889.9389010837,,,0,14,0.0,17,652272,15,37.05375289916992,-133.96390716556937,0.28574069204110164,4,-1020.7916463100605,3.4028234663852886E38,1.57542003E9,,,,0,,1,,1.57542003E9
Raw,21462480,384108000000,,,-1219932164022392156,0.0,343889.9389010837,,,0,18,0.0,16,13892529,1000000000,32.57105255126953,267.2693923948028,2.99792458E8,4,2258.3600186386984,3.4028234663852886E38,1.57542003E9,,,,0,,1,,1.57542003E9
Raw,21462481,384108000000,,,-1219932164022392156,0.0,343889.9389010837,,,0,20,0.0,17,180134,13,38.75713348388672,804.4073223600662,0.20635855691065563,4,3496.620250041675,3.4028234663852886E38,1.57542003E9,,,,0,,1,,1.57542003E9
Raw,21462481,384108000000,,,-1219932164022392156,0.0,343889.9389010837,,,0,24,0.0,51,16834883,17,35.78565979003906,890.366276966768,0.3424384893655952,4,19381.216968840476,3.4028234663852886E38,1.57542003E9,,,,0,,1,,1.57542003E9
Raw,21462481,384108000000,,,-1219932164022392156,0.0,343889.9389010837,,,0,25,0.0,17,643712,14,37.91655731201172,-182.80544770224583,0.24388189370354063,4,-584.0392538088126,3.4028234663852886E38,1.57542003E9,,,,0,,1,,1.57542003E9
Raw,21462482,384108000000,,,-1219932164022392156,0.0,343889.9389010837,,,0,31,0.0,17,698543,121,32.27557373046875,-296.0623027889578,299.7956269115534,4,-937.4763977882008,3.4028234663852886E38,1.57542003E9,,,,0,,1,,1.57542003E9
Raw,21462484,384108000000,,,-1219932164022392156,0.0,343889.9389010837,,,0,32,0.0,17,592314,12,39.605079650878906,-3.3740721316947067,0.1693807391240293,4,-6.709797013298953,3.4028234663852886E38,1.57542003E9,,,,0,,1,,1.57542003E9
Raw,21462484,384108000000,,,-1219932164022392156,0.0,343889.9389010837,,,0,1,0.0,16,9919673,1000000000,9.37783432006836,-9.941988897529882,2.99792458E8,4,-1949.08411272358,3.4028234663852886E38,1.17645005E9,,,,1,,1,,1.17645005E9
Raw,21462484,384108000000,,,-1219932164022392156,0.0,343889.9389010837,,,0,24,0.0,16,16834905,1000000000,7.0,887.0878173089259,2.99792458E8,4,379102.1181295079,3.4028234663852886E38,1.17645005E9,,,,1,,1,,1.17645005E9
Raw,21462485,384108000000,,,-1219932164022392156,0.0,343889.9389010837,,,0,25,0.0,16,7643662,1000000000,7.0,-177.7554160368045,2.99792458E8,4,-4509.035377793716,3.4028234663852886E38,1.17645005E9,,,,0,,1,,1.17645005E9
Raw,21462485,384108000000,,,-1219932164022392156,0.0,343889.9389010837,,,0,32,0.0,16,9592215,1000000000,7.76017951965332,20.347946536011847,2.99792458E8,4,74.25718445909109,3.4028234663852886E38,1.17645005E9,,,,0,,1,,1.17645005E9
Raw,21463478,385108000000,,,-1219932164022391791,0.0,343992.9389010837,,,0,1,0.0,51,9919707,31,28.346811294555664,-5.508928510832121,0.6757112609165765,4,-218.58903291288172,3.4028234663852886E38,1.57542003E9,,,,0,,1,,1.57542003E9
Raw,21463479,385108000000,,,-1219932164022391791,0.0,343992.9389010837,,,0,10,0.0,17,624581,14,38.20064926147461,416.2487347709746,0.2332616138625988,4,3776.7977342335716,3.4028234663852886E38,1.57542003E9,,,,0,,1,,1.57542003E9
Raw,21463479,385108000000,,,-1219932164022391791,0.0,343992.9389010837,,,0,12,0.0,17,921398,39,35.79322052001953,319.0988396474645,299.79641080805345,4,3790.821279314351,3.4028234663852886E38,1.57542003E9,,,,0,,1,,1.57542003E9
Raw,21463480,385108000000,,,-1219932164022391791,0.0,343992.9389010837,,,0,14,0.0,17,652706,18,34.90757751464844,-130.5975062492842,0.3822518576988778,4,-1153.9047857667024,3.4028234663852886E38,1.57542003E9,,,,0,,1,,1.57542003E9
Raw,21463480,385108000000,,,-1219932164022391791,0.0,343992.9389010837,,,0,18,0.0,16,13891645,1000000000,30.98322868347168,264.84425520092225,2.99792458E8,4,2522.4104797076743,3.4028234663852886E38,1.57542003E9,,,,1,,1,,1.57542003E9
Raw,21463481,385108000000,,,-1219932164022391791,0.0,343992.9389010837,,,0,20,0.0,17,177442,17,35.670196533203125,807.1007225692379,0.345174072472636,4,4301.911001932913,3.4028234663852886E38,1.57542003E9,,,,0,,1,,1.57542003E9
Raw,21463481,385108000000,,,-1219932164022391791,0.0,343992.9389010837,,,0,24,0.0,51,16831889,20,33.46805953979492,891.3124741247543,0.4466578152832519,4,20273.006794236913,3.4028234663852886E38,1.57542003E9,,,,0,,1,,1.57542003E9
Raw,21463482,385108000000,,,-1219932164022391791,0.0,343992.9389010837,,,0,25,0.0,16,1644298,1000000000,34.82373809814453,-182.89799861293352,2.99792458E8,4,-766.5301451817602,3.4028234663852886E38,1.57542003E9,,,,0,,1,,1.57542003E9
Raw,21463483,385108000000,,,-1219932164022391791,0.0,343992.9389010837,,,0,31,0.0,17,699547,41,31.82895851135254,-294.64256398004363,299.7956269115534,4,-1231.7801894430856,3.4028234663852886E38,1.57542003E9,,,,0,,1,,1.57542003E9
Raw,21463483,385108000000,,,-1219932164022391791,0.0,343992.9389010837,,,0,32,0.0,17,592324,25,36.549293518066406,-1.2997039916749378,299.79419544837947,4,-9.932232215740344,3.4028234663852886E38,1.57542003E9,,,,0,,1,,1.57542003E9
Raw,21463483,385108000000,,,-1219932164022391791,0.0,343992.9389010837,,,0,1,0.0,16,9919706,1000000000,7.0,-9.941988897529882,2.99792458E8,4,-1959.0261025458567,3.4028234663852886E38,1.17645005E9,,,,1,,1,,1.17645005E9
Raw,21463484,385108000000,,,-1219932164022391791,0.0,343992.9389010837,,,0,24,0.0,16,16831953,1000000000,7.0,885.5096632420937,2.99792458E8,4,379987.1560935482,3.4028234663852886E38,1.17645005E9,,,,1,,1,,1.17645005E9
Raw,21463484,385108000000,,,-1219932164022391791,0.0,343992.9389010837,,,0,25,0.0,16,7644274,1000000000,7.0,-178.6974380938667,2.99792458E8,4,-4688.702837614526,3.4028234663852886E38,1.17645005E9,,,,0,,1,,1.17645005E9
Raw,21463484,385108000000,,,-1219932164022391791,0.0,343992.9389010837,,,0,32,0.0,16,9592119,1000000000,8.496973037719727,21.731824210203442,2.99792458E8,4,97.08431832788688,3.4028234663852886E38,1.17645005E9,,,,0,,1,,1.17645005E9
Raw,21464455,386108000000,,,-1219932164022391426,0.0,344095.9389010837,,,0,1,0.0,51,9919735,46,23.585411071777344,-6.252968240645249,0.8898260396761937,4,-224.91825114514432,3.4028234663852886E38,1.57542003E9,,,,0,,1,,1.57542003E9
Raw,21464456,386108000000,,,-1219932164022391426,0.0,344095.9389010837,,,0,10,0.0,16,13623174,1000000000,33.067298889160156,413.14995782392066,2.99792458E8,4,4195.019213255671,3.4028234663852886E38,1.57542003E9,,,,1,,1,,1.57542003E9
Raw,21464456,386108000000,,,-1219932164022391426,0.0,344095.9389010837,,,0,12,0.0,17,920327,27,30.828577041625977,318.9749840004606,299.79279806766203,4,4110.451313514851,3.4028234663852886E38,1.57542003E9,,,,1,,1,,1.57542003E9
Raw,21464457,386108000000,,,-1219932164022391426,0.0,344095.9389010837,,,0,14,0.0,17,653128,46,29.98531723022461,-131.1677568705956,299.79579732383604,4,-1283.7649071803799,3.4028234663852886E38,1.57542003E9,,,,1,,1,,1.57542003E9
Raw,21464457,386108000000,,,-1219932164022391426,0.0,344095.9389010837,,,0,18,0.0,16,13890756,1000000000,26.23288917541504,263.9697504902317,2.99792458E8,4,2785.96566478633,3.4028234663852886E38,1.57542003E9,,,,1,,1,,1.57542003E9
Raw,21464458,386108000000,,,-1219932164022391426,0.0,344095.9389010837,,,0,20,0.0,16,3174736,1000000000,30.889450073242188,806.7455833722702,2.99792458E8,4,5109.845442073378,3.4028234663852886E38,1.57542003E9,,,,1,,1,,1.57542003E9
Raw,21464458,386108000000,,,-1219932164022391426,0.0,344095.9389010837,,,0,24,0.0,51,16828917,30,28.716127395629883,891.1781892460544,0.6603463303507913,4,21163.385417332283,3.4028234663852886E38,1.57542003E9,,,,1,,1,,1.57542003E9
Raw,21464459,386108000000,,,-1219932164022391426,0.0,344095.9389010837,,,0,25,0.0,16,1644919,1000000000,29.965909957885742,-180.11574543960694,2.99792458E8,4,-946.8285244062762,3.4028234663852886E38,1.57542003E9,,,,1,,1,,1.57542003E9
Raw,21464459,386108000000,,,-1219932164022391426,0.0,344095.9389010837,,,0,31,0.0,17,700535,52,27.07695770263672,-294.9492379238359,299.7956269115534,4,-1526.3318926287861,3.4028234663852886E38,1.57542003E9,,,,0,,1,,1.57542003E9
Raw,21464460,386108000000,,,-1219932164022391426,0.0,344095.9389010837,,,0,32,0.0,17,592333,33,31.698808670043945,-0.8964727178038228,299.79419544837947,4,-11.466938860923143,3.4028234663852886E38,1.57542003E9,,,,1,,1,,1.57542003E9
Raw,21464460,386108000000,,,-1219932164022391426,0.0,344095.9389010837,,,0,1,0.0,16,9919739,1000000000,7.0,-9.941988897529882,2.99792458E8,4,-1968.9680923681326,3.4028234663852886E38,1.17645005E9,,,,1,,1,,1.17645005E9
Raw,21464460,386108000000,,,-1219932164022391426,0.0,344095.9389010837,,,0,24,0.0,16,16828915,1000000000,7.0,885.0629785669057,2.99792458E8,4,380877.19420570094,3.4028234663852886E38,1.17645005E9,,,,0,,1,,1.17645005E9
Raw,21464461,386108000000,,,-1219932164022391426,0.0,344095.9389010837,,,0,25,0.0,16,7644852,1000000000,7.0,-180.96990292375335,2.99792458E8,4,-4869.202875741822,3.4028234663852886E38,1.17645005E9,,,,0,,1,,1.17645005E9
Raw,21464461,386108000000,,,-1219932164022391426,0.0,344095.9389010837,,,0,32,0.0,16,9592027,1000000000,7.0,24.73750918757237,2.99792458E8,4,123.13137697132618,3.4028234663852886E38,1.17645005E9,,,,1,,1,,1.17645005E9
Raw,21465459,387108000000,,,-1219932164022391061,0.0,344198.9389010837,,,0,1,0.0,51,9919742,43,24.40300178527832,-7.863235969597696,0.8530598559714035,4,-232.92480195870908,3.4028234663852886E38,1.57542003E9,,,,0,,1,,1.57542003E9
Raw,21465459,387108000000,,,-1219932164022391061,0.0,344198.9389010837,,,0,10,0.0,16,13621791,1000000000,31.333389282226562,417.64332072697493,2.99792458E8,4,4612.16174376405,3.4028234663852886E38,1.57542003E9,,,,0,,1,,1.57542003E9
Raw,21465460,387108000000,,,-1219932164022391061,0.0,344198.9389010837,,,0,12,0.0,17,919270,26,30.42963981628418,316.25176164183154,0.5806096245081016,4,4427.77847834733,3.4028234663852886E38,1.57542003E9,,,,0,,1,,1.57542003E9
Raw,21465460,387108000000,,,-1219932164022391061,0.0,344198.9389010837,,,0,14,0.0,17,653567,45,30.097518920898438,-130.70797601148877,299.79579732383604,4,-1416.238227120864,3.4028234663852886E38,1.57542003E9,,,,0,,1,,1.57542003E9
Raw,21465461,387108000000,,,-1219932164022391061,0.0,344198.9389010837,,,0,18,0.0,16,13889882,1000000000,26.07976531982422,262.95325826566716,2.99792458E8,4,3049.0461310811493,3.4028234663852886E38,1.57542003E9,,,,1,,1,,1.57542003E9
Raw,21465461,387108000000,,,-1219932164022391061,0.0,344198.9389010837,,,0,20,0.0,16,3172040,1000000000,31.485191345214844,806.9994295084521,2.99792458E8,4,5915.902727538586,3.4028234663852886E38,1.57542003E9,,,,0,,1,,1.57542003E9
Raw,21465464,387108000000,,,-1219932164022391061,0.0,344198.9389010837,,,0,24,0.0,51,16825947,31,28.54587173461914,889.5705197718735,0.6680020355799297,4,22052.978397146147,3.4028234663852886E38,1.57542003E9,,,,0,,1,,1.57542003E9
Raw,21465466,387108000000,,,-1219932164022391061,0.0,344198.9389010837,,,0,25,0.0,16,1645490,1000000000,29.287572860717773,-181.67675603080818,2.99792458E8,4,-1128.6918926992437,3.4028234663852886E38,1.57542003E9,,,,0,,1,,1.57542003E9
Raw,21465466,387108000000,,,-1219932164022391061,0.0,344198.9389010837,,,0,31,0.0,17,701511,55,26.117460250854492,-297.1102701621212,299.7956269115534,4,-1822.7511440158812,3.4028234663852886E38,1.57542003E9,,,,1,,1,,1.57542003E9
Raw,21465466,387108000000,,,-1219932164022391061,0.0,344198.9389010837,,,0,32,0.0,17,592324,28,31.146183013916016,-2.1738822563365856,299.79310480977074,4,-12.79444986370684,3.4028234663852886E38,1.57542003E9,,,,0,,1,,1.57542003E9
Raw,21465467,387108000000,,,-1219932164022391061,0.0,344198.9389010837,,,0,1,0.0,16,9919756,1000000000,7.721889495849609,-9.941988897529882,2.99792458E8,4,-1976.4319011907155,3.4028234663852886E38,1.17645005E9,,,,1,,1,,1.17645005E9
Raw,21465467,387108000000,,,-1219932164022391061,0.0,344198.9389010837,,,0,24,0.0,16,16825946,1000000000,7.0,885.067818275732,2.99792458E8,4,381767.22933041176,3.4028234663852886E38,1.17645005E9,,,,1,,1,,1.17645005E9
Raw,21465467,387108000000,,,-1219932164022391061,0.0,344198.9389010837,,,0,25,0.0,16,7645417,1000000000,7.0,-180.07159161718164,2.99792458E8,4,-5048.659362533026,3.4028234663852886E38,1.17645005E9,,,,1,,1,,1.17645005E9
Raw,21465467,387108000000,,,-1219932164022391061,0.0,344198.9389010837,,,0,32,0.0,16,9591971,1000000000,7.0,25.34932975507394,2.99792458E8,4,148.72760573360603,3.4028234663852886E38,1.17645005E9,,,,1,,1,,1.17645005E9
Raw,21466461,388108000000,,,-1219932164022390696,0.0,344301.9389010837,,,0,1,0.0,51,9919759,46,23.600841522216797,-6.147300377041724,0.8891321421629246,4,-240.4518188502996,3.4028234663852886E38,1.57542003E9,,,,0,,1,,1.57542003E9
Raw,21466462,388108000000,,,-1219932164022390696,0.0,344301.9389010837,,,0,10,0.0,16,13620426,1000000000,34.76465606689453,417.64332072697493,2.99792458E8,4,5025.46100645509,3.4028234663852886E38,1.57542003E9,,,,0,,1,,1.57542003E9
Raw,21466464,388108000000,,,-1219932164022390696,0.0,344301.9389010837,,,0,12,0.0,17,918224,29,30.063541412353516,318.55144131325164,299.79279806766203,4,4744.0788109548275,3.4028234663852886E38,1.57542003E9,,,,0,,1,,1.57542003E9
Raw,21466464,388108000000,,,-1219932164022390696,0.0,344301.9389010837,,,0,14,0.0,17,654018,46,29.774322509765625,-130.70797601148877,299.79579732383604,4,-1551.6617244311587,3.4028234663852886E38,1.57542003E9,,,,0,,1,,1.57542003E9
Raw,21466464,388108000000,,,-1219932164022390696,0.0,344301.9389010837,,,0,18,0.0,17,888994,37,26.32948112487793,264.96717358037176,0.7671422433844639,4,3311.8302427552903,3.4028234663852886E38,1.57542003E9,,,,0,,1,,1.57542003E9
Raw,21466465,388108000000,,,-1219932164022390696,0.0,344301.9389010837,,,0,20,0.0,16,3169372,1000000000,31.31805419921875,806.9994295084521,2.99792458E8,4,6719.495363727782,3.4028234663852886E38,1.57542003E9,,,,0,,1,,1.57542003E9
Raw,21466465,388108000000,,,-1219932164022390696,0.0,344301.9389010837,,,0,24,0.0,51,16822988,30,28.66913604736328,891.2757332366227,0.6624584441457371,4,22942.984465627833,3.4028234663852886E38,1.57542003E9,,,,0,,1,,1.57542003E9
Raw,21466465,388108000000,,,-1219932164022390696,0.0,344301.9389010837,,,0,25,0.0,16,1646088,1000000000,29.191652297973633,-181.26338695687127,2.99792458E8,4,-1312.3414380392683,3.4028234663852886E38,1.57542003E9,,,,0,,1,,1.57542003E9
Raw,21466465,388108000000,,,-1219932164022390696,0.0,344301.9389010837,,,0,31,0.0,16,17702493,1000000000,25.77888298034668,-295.11024344844964,2.99792458E8,4,-2121.2267260194412,3.4028234663852886E38,1.57542003E9,,,,1,,1,,1.57542003E9
Raw,21466466,388108000000,,,-1219932164022390696,0.0,344301.9389010837,,,0,32,0.0,17,592329,20,33.439273834228516,-2.021128280835436,0.4455708045922573,4,-15.577302028751733,3.4028234663852886E38,1.57542003E9,,,,0,,1,,1.57542003E9
Raw,21466466,388108000000,,,-1219932164022390696,0.0,344301.9389010837,,,0,1,0.0,16,9919790,1000000000,7.0,-9.937133212552148,2.99792458E8,4,-1990.0705728112762,3.4028234663852886E38,1.17645005E9,,,,1,,1,,1.17645005E9
Raw,21466466,388108000000,,,-1219932164022390696,0.0,344301.9389010837,,,0,24,0.0,16,16822978,1000000000,7.0,890.0352681490185,2.99792458E8,4,382653.94034466485,3.4028234663852886E38,1.17645005E9,,,,0,,1,,1.17645005E9
Raw,21466466,388108000000,,,-1219932164022390696,0.0,344301.9389010837,,,0,25,0.0,16,7645995,1000000000,7.0,-175.85197900491858,2.99792458E8,4,-5221.720427661974,3.4028234663852886E38,1.17645005E9,,,,1,,1,,1.17645005E9
Raw,21466467,388108000000,,,-1219932164022390696,0.0,344301.9389010837,,,0,32,0.0,16,9591914,1000000000,10.168766021728516,22.358210767561445,2.99792458E8,4,167.0702984246976,3.4028234663852886E38,1.17645005E9,,,,1,,1,,1.17645005E9
Raw,21467475,389108000000,,,-1219932164022390331,0.0,344404.9389010837,,,0,1,0.0,51,9919761,29,28.992565155029297,-4.585563403485843,0.6466724754207589,4,-245.70088879379617,3.4028234663852886E38,1.57542003E9,,,,0,,1,,1.57542003E9
Raw,21467475,389108000000,,,-1219932164022390331,0.0,344404.9389010837,,,0,10,0.0,17,619038,11,40.88542938232422,416.6862853478144,0.15234595124869554,4,5440.388403751787,3.4028234663852886E38,1.57542003E9,,,,0,,1,,1.57542003E9
Raw,21467476,389108000000,,,-1219932164022390331,0.0,344404.9389010837,,,0,12,0.0,17,917148,15,37.071109771728516,319.7204354895275,0.2819499174114606,4,5063.243725378452,3.4028234663852886E38,1.57542003E9,,,,0,,1,,1.57542003E9
Raw,21467476,389108000000,,,-1219932164022390331,0.0,344404.9389010837,,,0,14,0.0,17,654457,16,36.575435638427734,-130.8285427014382,0.3072504498756772,4,-1683.4772837829842,3.4028234663852886E38,1.57542003E9,,,,0,,1,,1.57542003E9
Raw,21467476,389108000000,,,-1219932164022390331,0.0,344404.9389010837,,,0,18,0.0,17,888113,24,31.33012580871582,266.0719734497869,0.5422687913715789,4,3577.1724796200047,3.4028234663852886E38,1.57542003E9,,,,0,,1,,1.57542003E9
Raw,21467477,389108000000,,,-1219932164022390331,0.0,344404.9389010837,,,0,20,0.0,17,166694,13,38.5318489074707,807.7174787024746,0.2164868877783207,4,7525.763381635974,3.4028234663852886E38,1.57542003E9,,,,0,,1,,1.57542003E9
Raw,21467477,389108000000,,,-1219932164022390331,0.0,344404.9389010837,,,0,24,0.0,51,16820004,18,35.190040588378906,892.5451002473583,0.36922011092435136,4,23834.8596118404,3.4028234663852886E38,1.57542003E9,,,,0,,1,,1.57542003E9
Raw,21467478,389108000000,,,-1219932164022390331,0.0,344404.9389010837,,,0,25,0.0,17,646696,16,36.22783279418945,-179.89749842926312,0.31982248289093307,4,-1493.7396548392367,3.4028234663852886E38,1.57542003E9,,,,0,,1,,1.57542003E9
Raw,21467478,389108000000,,,-1219932164022390331,0.0,344404.9389010837,,,0,31,0.0,16,17703475,1000000000,33.055973052978516,-297.31340160299715,2.99792458E8,4,-2417.2234208956265,3.4028234663852886E38,1.57542003E9,,,,0,,1,,1.57542003E9
Raw,21467478,389108000000,,,-1219932164022390331,0.0,344404.9389010837,,,0,32,0.0,17,592333,13,39.269535064697266,-0.4372150443747944,0.1833905259228944,4,-16.52762497786866,3.4028234663852886E38,1.57542003E9,,,,0,,1,,1.57542003E9
Raw,21467479,389108000000,,,-1219932164022390331,0.0,344404.9389010837,,,0,1,0.0,16,9919851,1000000000,7.480075836181641,-15.12303459092167,2.99792458E8,4,-2008.3702774582785,3.4028234663852886E38,1.17645005E9,,,,1,,1,,1.17645005E9
Raw,21467479,389108000000,,,-1219932164022390331,0.0,344404.9389010837,,,0,24,0.0,16,16820011,1000000000,7.0,889.8409981468385,2.99792458E8,4,383541.2684096117,3.4028234663852886E38,1.17645005E9,,,,0,,1,,1.17645005E9
Raw,21467480,389108000000,,,-1219932164022390331,0.0,344404.9389010837,,,0,25,0.0,16,7646559,1000000000,7.0,-171.91400677213176,2.99792458E8,4,-5390.844405527563,3.4028234663852886E38,1.17645005E9,,,,1,,1,,1.17645005E9
Raw,21467480,389108000000,,,-1219932164022390331,0.0,344404.9389010837,,,0,32,0.0,16,9591837,1000000000,7.498863220214844,18.13374140524388,2.99792458E8,4,181.27082640495752,3.4028234663852886E38,1.17645005E9,,,,1,,1,,1.17645005E9
Raw,21468459,390108000000,,,-1219932164022389966,0.0,344507.9389010837,,,0,1,0.0,51,9919790,36,26.380447387695312,-3.5245373903595922,0.764136330480667,4,-250.6552916360243,3.4028234663852886E38,1.57542003E9,,,,0,,1,,1.57542003E9
Raw,21468460,390108000000,,,-1219932164022389966,0.0,344507.9389010837,,,0,10,0.0,17,617643,15,37.264556884765625,415.91534018126845,0.27409635753115047,4,5856.050390856432,3.4028234663852886E38,1.57542003E9,,,,0,,1,,1.57542003E9
Raw,21468460,390108000000,,,-1219932164022389966,0.0,344507.9389010837,,,0,12,0.0,16,1916060,1000000000,34.7271728515625,317.8806304039697,2.99792458E8,4,5382.210781864963,3.4028234663852886E38,1.57542003E9,,,,0,,1,,1.57542003E9
Raw,21468461,390108000000,,,-1219932164022389966,0.0,344507.9389010837,,,0,14,0.0,17,654868,19,34.27134704589844,-132.90943004321014,0.41086278188746816,4,-1815.4828219805393,3.4028234663852886E38,1.57542003E9,,,,0,,1,,1.57542003E9
Raw,21468461,390108000000,,,-1219932164022389966,0.0,344507.9389010837,,,0,18,0.0,17,887215,27,30.04612922668457,264.577934885653,0.6000084667590935,4,3842.4355529065374,3.4028234663852886E38,1.57542003E9,,,,1,,1,,1.57542003E9
Raw,21468462,390108000000,,,-1219932164022389966,0.0,344507.9389010837,,,0,20,0.0,51,3163970,18,34.76461410522461,806.4445671162607,0.3858946532252958,4,8332.428675357372,3.4028234663852886E38,1.57542003E9,,,,0,,1,,1.57542003E9
Raw,21468463,390108000000,,,-1219932164022389966,0.0,344507.9389010837,,,0,24,0.0,51,16817032,21,32.891517639160156,890.7474551605192,0.47258158407402084,4,24726.522543662948,3.4028234663852886E38,1.57542003E9,,,,0,,1,,1.57542003E9
Raw,21468464,390108000000,,,-1219932164022389966,0.0,344507.9389010837,,,0,25,0.0,48,1647303,1000000000,34.400882720947266,-179.6864939409304,2.99792458E8,4,-1674.0388233638005,3.4028234663852886E38,1.57542003E9,,,,0,,1,,1.57542003E9
Raw,21468464,390108000000,,,-1219932164022389966,0.0,344507.9389010837,,,0,31,0.0,17,704471,17,27.97199249267578,-294.63002163604324,5.7107355287491295,6,-101.3284184420435,3.4028234663852886E38,1.57542003E9,,,,0,,1,,1.57542003E9
Raw,21468464,390108000000,,,-1219932164022389966,0.0,344507.9389010837,,,0,32,0.0,17,592322,21,35.691490173339844,0.11458099180627213,299.79310480977074,4,-17.63995020150967,3.4028234663852886E38,1.57542003E9,,,,0,,1,,1.57542003E9
Raw,21468465,390108000000,,,-1219932164022389966,0.0,344507.9389010837,,,0,1,0.0,16,9919784,1000000000,7.0,-19.74567331664373,2.99792458E8,4,-2009.8288975970072,3.4028234663852886E38,1.17645005E9,,,,1,,1,,1.17645005E9
Raw,21468465,390108000000,,,-1219932164022389966,0.0,344507.9389010837,,,0,24,0.0,16,16817028,1000000000,9.915239334106445,887.6170496938121,2.99792458E8,4,384431.6906617804,3.4028234663852886E38,1.17645005E9,,,,1,,1,,1.17645005E9
Raw,21468465,390108000000,,,-1219932164022389966,0.0,344507.9389010837,,,0,25,0.0,16,7647110,1000000000,8.761951446533203,-167.97116074806218,2.99792458E8,4,-5556.025606526901,3.4028234663852886E38,1.17645005E9,,,,1,,1,,1.17645005E9
Raw,21468465,390108000000,,,-1219932164022389966,0.0,344507.9389010837,,,0,32,0.0,16,9591811,1000000000,7.0,7.284255979109389,2.99792458E8,4,189.93718679014373,3.4028234663852886E38,1.17645005E9,,,,1,,1,,1.17645005E9
Raw,21469460,391108000000,,,-1219932164022389601,0.0,344610.9389010837,,,0,1,0.0,48,9919770,1000000000,23.376842498779297,-3.46806355870887,2.99792458E8,4,-255.34935216569212,3.4028234663852886E38,1.57542003E9,,,,0,,1,,1.57542003E9
Raw,21469460,391108000000,,,-1219932164022389601,0.0,344610.9389010837,,,0,10,0.0,16,6616244,1000000000,33.16675567626953,414.3618277305022,2.99792458E8,4,6270.673118461371,3.4028234663852886E38,1.57542003E9,,,,0,,1,,1.57542003E9
Raw,21469461,391108000000,,,-1219932164022389601,0.0,344610.9389010837,,,0,12,0.0,48,1914979,1000000000,30.67319107055664,318.72924948893115,2.99792458E8,4,5701.15928821221,3.4028234663852886E38,1.57542003E9,,,,1,,1,,1.57542003E9
Raw,21469461,391108000000,,,-1219932164022389601,0.0,344610.9389010837,,,0,14,0.0,17,655295,25,30.739376068115234,-132.78805389491828,0.5696915891436705,4,-1948.5318251644424,3.4028234663852886E38,1.57542003E9,,,,0,,1,,1.57542003E9
Raw,21469462,391108000000,,,-1219932164022389601,0.0,344610.9389010837,,,0,18,0.0,51,13886323,37,26.1571102142334,264.390055344071,0.7748930732822958,4,4107.44786202066,3.4028234663852886E38,1.57542003E9,,,,0,,1,,1.57542003E9
Raw,21469462,391108000000,,,-1219932164022389601,0.0,344610.9389010837,,,0,20,0.0,51,3161280,24,31.530885696411133,805.5584232466676,0.5313112815994954,4,9138.665419726243,3.4028234663852886E38,1.57542003E9,,,,1,,1,,1.57542003E9
Raw,21469463,391108000000,,,-1219932164022389601,0.0,344610.9389010837,,,0,24,0.0,51,16814056,29,29.007699966430664,891.3248119740156,0.6472319069922778,4,25617.24783144614,3.4028234663852886E38,1.57542003E9,,,,1,,1,,1.57542003E9
Raw,21469464,391108000000,,,-1219932164022389601,0.0,344610.9389010837,,,0,25,0.0,48,1647886,1000000000,30.42945098876953,-180.26391891933986,2.99792458E8,4,-1854.9737780041667,3.4028234663852886E38,1.57542003E9,,,,0,,1,,1.57542003E9
Raw,21469464,391108000000,,,-1219932164022389601,0.0,344610.9389010837,,,0,31,0.0,16,10705422,1000000000,24.535289764404297,-294.35927060142603,2.99792458E8,4,-689.9753826753441,3.4028234663852886E38,1.57542003E9,,,,0,,1,,1.57542003E9
Raw,21469464,391108000000,,,-1219932164022389601,0.0,344610.9389010837,,,0,32,0.0,17,592318,27,31.52242660522461,-0.616131865117107,299.79310480977074,4,-18.147895156969383,3.4028234663852886E38,1.57542003E9,,,,0,,1,,1.57542003E9
Raw,21469465,391108000000,,,-1219932164022389601,0.0,344610.9389010837,,,0,1,0.0,16,9919818,1000000000,7.0,-24.06725850866951,2.99792458E8,4,-2015.6368997605819,3.4028234663852886E38,1.17645005E9,,,,1,,1,,1.17645005E9
Raw,21469465,391108000000,,,-1219932164022389601,0.0,344610.9389010837,,,0,24,0.0,16,16814059,1000000000,7.560546875,888.0443755336951,2.99792458E8,4,385321.7321602665,3.4028234663852886E38,1.17645005E9,,,,1,,1,,1.17645005E9
Raw,21469465,391108000000,,,-1219932164022389601,0.0,344610.9389010837,,,0,25,0.0,16,1647892,1000000000,9.19853401184082,-164.03318851527536,2.99792458E8,4,-5740.084988074195,3.4028234663852886E38,1.17645005E9,,,,1,,1,,1.17645005E9
Raw,21469465,391108000000,,,-1219932164022389601,0.0,344610.9389010837,,,0,32,0.0,16,9591777,1000000000,7.0,9.689657300509722,2.99792458E8,4,197.43036789683427,3.4028234663852886E38,1.17645005E9,,,,1,,1,,1.17645005E9
Raw,21470466,392108000000,,,-1219932164022389236,0.0,344713.93890108366,,,0,1,0.0,51,9919805,50,22.434429168701172,-5.250310298198652,0.9415844436458487,4,-260.25546283589017,3.4028234663852886E38,1.57542003E9,,,,0,,1,,1.57542003E9
Raw,21470466,392108000000,,,-1219932164022389236,0.0,344713.93890108366,,,0,10,0.0,16,6614872,1000000000,33.604190826416016,414.6337034861847,2.99792458E8,4,6685.13872861621,3.4028234663852886E38,1.57542003E9,,,,0,,1,,1.57542003E9
Raw,21470466,392108000000,,,-1219932164022389236,0.0,344713.93890108366,,,0,12,0.0,51,1913927,27,30.185319900512695,318.605768748949,0.5915954919490889,4,6019.11214962786,3.4028234663852886E38,1.57542003E9,,,,0,,1,,1.57542003E9
Raw,21470466,392108000000,,,-1219932164022389236,0.0,344713.93890108366,,,0,14,0.0,51,18655750,27,30.039840698242188,-132.25712590782007,0.6011490308412455,4,-2081.9624686807265,3.4028234663852886E38,1.57542003E9,,,,0,,1,,1.57542003E9
Raw,21470467,392108000000,,,-1219932164022389236,0.0,344713.93890108366,,,0,18,0.0,51,13885436,40,25.231809616088867,265.84169533229056,0.8165027601493051,4,4372.884793599598,3.4028234663852886E38,1.57542003E9,,,,0,,1,,1.57542003E9
Raw,21470467,392108000000,,,-1219932164022389236,0.0,344713.93890108366,,,0,20,0.0,48,3158591,1000000000,31.23055648803711,805.6447200265834,2.99792458E8,4,9944.32249293025,3.4028234663852886E38,1.57542003E9,,,,0,,1,,1.57542003E9
Raw,21470467,392108000000,,,-1219932164022389236,0.0,344713.93890108366,,,0,24,0.0,51,16811077,31,28.508209228515625,891.9130070086862,0.6696929115137888,4,26508.022083936827,3.4028234663852886E38,1.57542003E9,,,,0,,1,,1.57542003E9
Raw,21470468,392108000000,,,-1219932164022389236,0.0,344713.93890108366,,,0,25,0.0,51,1648485,25,30.86497688293457,-180.54898458569664,0.5609843203096672,4,-2035.6645384216536,3.4028234663852886E38,1.57542003E9,,,,0,,1,,1.57542003E9
Raw,21470468,392108000000,,,-1219932164022389236,0.0,344713.93890108366,,,0,31,0.0,17,706414,57,25.467140197753906,-294.6383377554348,299.7956269115534,4,-984.0676862571551,3.4028234663852886E38,1.57542003E9,,,,0,,1,,1.57542003E9
Raw,21470469,392108000000,,,-1219932164022389236,0.0,344713.93890108366,,,0,32,0.0,17,592327,29,30.563432693481445,-1.1633688401998645,299.79310480977074,4,-19.61978469592022,3.4028234663852886E38,1.57542003E9,,,,0,,1,,1.57542003E9
Raw,21470469,392108000000,,,-1219932164022389236,0.0,344713.93890108366,,,0,1,0.0,16,9919783,1000000000,9.424198150634766,-8.524121428494148,2.99792458E8,4,-2021.4466211816325,3.4028234663852886E38,1.17645005E9,,,,1,,1,,1.17645005E9
Raw,21470469,392108000000,,,-1219932164022389236,0.0,344713.93890108366,,,0,24,0.0,16,16811079,1000000000,7.0,890.0352681490185,2.99792458E8,4,386211.4014340183,3.4028234663852886E38,1.17645005E9,,,,0,,1,,1.17645005E9
Raw,21470469,392108000000,,,-1219932164022389236,0.0,344713.93890108366,,,0,25,0.0,16,1648515,1000000000,7.0,-158.1043577496216,2.99792458E8,4,-5918.273294783293,3.4028234663852886E38,1.17645005E9,,,,0,,1,,1.17645005E9
Raw,21470470,392108000000,,,-1219932164022389236,0.0,344713.93890108366,,,0,32,0.0,16,9591786,1000000000,7.0,2.3389589037550724,2.99792458E8,4,202.11930137254188,3.4028234663852886E38,1.17645005E9,,,,1,,1,,1.17645005E9
Raw,21471460,393108000000,,,-1219932164022388871,0.0,344816.93890108366,,,0,1,0.0,51,9919840,52,22.061138153076172,-5.981220826713134,0.9583709188582055,4,-267.03531819026637,3.4028234663852886E38,1.57542003E9,,,,1,,1,,1.57542003E9
Raw,21471461,393108000000,,,-1219932164022388871,0.0,344816.93890108366,,,0,10,0.0,16,6613485,1000000000,33.5594482421875,415.5779238616926,2.99792458E8,4,7100.550780233644,3.4028234663852886E38,1.57542003E9,,,,0,,1,,1.57542003E9
Raw,21471462,393108000000,,,-1219932164022388871,0.0,344816.93890108366,,,0,12,0.0,48,1912867,1000000000,29.671016693115234,319.23649868936013,2.99792458E8,4,6338.373569955403,3.4028234663852886E38,1.57542003E9,,,,0,,1,,1.57542003E9
Raw,21471462,393108000000,,,-1219932164022388871,0.0,344816.93890108366,,,0,14,0.0,51,18656192,49,28.66762351989746,-131.73396872080906,299.79579732383604,4,-2214.626840508374,3.4028234663852886E38,1.57542003E9,,,,0,,1,,1.57542003E9
Raw,21471463,393108000000,,,-1219932164022388871,0.0,344816.93890108366,,,0,18,0.0,48,13884566,1000000000,23.781898498535156,265.76385100159246,2.99792458E8,4,4637.2545571131495,3.4028234663852886E38,1.57542003E9,,,,0,,1,,1.57542003E9
Raw,21471463,393108000000,,,-1219932164022388871,0.0,344816.93890108366,,,0,20,0.0,48,3155905,1000000000,31.602678298950195,806.7616021268359,2.99792458E8,4,10750.091321649574,3.4028234663852886E38,1.57542003E9,,,,0,,1,,1.57542003E9
Raw,21471464,393108000000,,,-1219932164022388871,0.0,344816.93890108366,,,0,24,0.0,48,16808105,1000000000,27.251596450805664,891.7815850563343,2.99792458E8,4,27398.675355900352,3.4028234663852886E38,1.57542003E9,,,,0,,1,,1.57542003E9
Raw,21471464,393108000000,,,-1219932164022388871,0.0,344816.93890108366,,,0,25,0.0,48,1649094,1000000000,30.05957794189453,-180.5817719088716,2.99792458E8,4,-2217.1184037017065,3.4028234663852886E38,1.57542003E9,,,,0,,1,,1.57542003E9
Raw,21471465,393108000000,,,-1219932164022388871,0.0,344816.93890108366,,,0,31,0.0,17,707398,42,25.175064086914062,-294.24870711246604,299.7928662325751,4,-1279.6406871351771,3.4028234663852886E38,1.57542003E9,,,,0,,1,,1.57542003E9
Raw,21471465,393108000000,,,-1219932164022388871,0.0,344816.93890108366,,,0,32,0.0,51,3592353,23,31.85481071472168,-1.3362411838749653,0.5168222435394272,4,-21.752685388114816,3.4028234663852886E38,1.57542003E9,,,,0,,1,,1.57542003E9
Raw,21471465,393108000000,,,-1219932164022388871,0.0,344816.93890108366,,,0,1,0.0,16,9919789,1000000000,8.45132827758789,-12.743735105833977,2.99792458E8,4,-2024.3200121791506,3.4028234663852886E38,1.17645005E9,,,,1,,1,,1.17645005E9
Raw,21471466,393108000000,,,-1219932164022388871,0.0,344816.93890108366,,,0,24,0.0,16,16808126,1000000000,7.0,890.7684499537372,2.99792458E8,4,387100.92894645187,3.4028234663852886E38,1.17645005E9,,,,1,,1,,1.17645005E9
Raw,21471466,393108000000,,,-1219932164022388871,0.0,344816.93890108366,,,0,25,0.0,16,1649085,1000000000,7.0,-179.60544585931916,2.99792458E8,4,-6098.5146180130905,3.4028234663852886E38,1.17645005E9,,,,0,,1,,1.17645005E9
Raw,21471467,393108000000,,,-1219932164022388871,0.0,344816.93890108366,,,0,32,0.0,16,9591796,1000000000,7.0,2.245849094034245,2.99792458E8,4,202.44009401462014,3.4028234663852886E38,1.17645005E9,,,,1,,1,,1.17645005E9
Raw,21472460,394108000000,,,-1219932164022388506,0.0,344919.9389010837,,,0,1,0.0,48,9919858,1000000000,28.269216537475586,-6.686518389150724,2.99792458E8,4,-270.9894590956168,3.4028234663852886E38,1.57542003E9,,,,1,,1,,1.57542003E9
Raw,21472461,394108000000,,,-1219932164022388506,0.0,344919.9389010837,,,0,10,0.0,16,6612092,1000000000,41.23289108276367,415.5779238616926,2.99792458E8,4,7518.537857729258,3.4028234663852886E38,1.57542003E9,,,,0,,1,,1.57542003E9
Raw,21472461,394108000000,,,-1219932164022388506,0.0,344919.9389010837,,,0,12,0.0,48,1911794,1000000000,36.934349060058594,318.43249353998704,2.99792458E8,4,6658.571682437152,3.4028234663852886E38,1.57542003E9,,,,0,,1,,1.57542003E9
Raw,21472462,394108000000,,,-1219932164022388506,0.0,344919.9389010837,,,0,14,0.0,51,18656635,35,35.953758239746094,-132.454258836348,299.79579732383604,4,-2345.9074370724493,3.4028234663852886E38,1.57542003E9,,,,0,,1,,1.57542003E9
Raw,21472464,394108000000,,,-1219932164022388506,0.0,344919.9389010837,,,0,18,0.0,48,13883705,1000000000,30.7274169921875,265.0966698739302,2.99792458E8,4,4903.704356787324,3.4028234663852886E38,1.57542003E9,,,,0,,1,,1.57542003E9
Raw,21472464,394108000000,,,-1219932164022388506,0.0,344919.9389010837,,,0,20,0.0,48,3153206,1000000000,37.9397087097168,806.7616021268359,2.99792458E8,4,11558.818289708399,3.4028234663852886E38,1.57542003E9,,,,0,,1,,1.57542003E9
Raw,21472464,394108000000,,,-1219932164022388506,0.0,344919.9389010837,,,0,24,0.0,48,16805117,1000000000,34.50774383544922,891.2362657519693,2.99792458E8,4,28291.155205802126,3.4028234663852886E38,1.57542003E9,,,,0,,1,,1.57542003E9
Raw,21472465,394108000000,,,-1219932164022388506,0.0,344919.9389010837,,,0,25,0.0,48,1649686,1000000000,37.09122848510742,-181.24598786281638,2.99792458E8,4,-2395.958462224535,3.4028234663852886E38,1.57542003E9,,,,0,,1,,1.57542003E9
Raw,21472465,394108000000,,,-1219932164022388506,0.0,344919.9389010837,,,0,31,0.0,17,708356,24,32.71219253540039,-294.54021436310563,299.7928662325751,4,-1573.138891972466,3.4028234663852886E38,1.57542003E9,,,,0,,1,,1.57542003E9
Raw,21472465,394108000000,,,-1219932164022388506,0.0,344919.9389010837,,,0,32,0.0,51,3592332,16,39.78985595703125,-2.0162054960214224,299.79310480977074,4,-21.306904089721165,3.4028234663852886E38,1.57542003E9,,,,0,,1,,1.57542003E9
Raw,21472466,394108000000,,,-1219932164022388506,0.0,344919.9389010837,,,0,1,0.0,16,9919851,1000000000,7.0,-3.4984589857358106,2.99792458E8,4,-2030.6403909567625,3.4028234663852886E38,1.17645005E9,,,,1,,1,,1.17645005E9
Raw,21472466,394108000000,,,-1219932164022388506,0.0,344919.9389010837,,,0,24,0.0,16,16805128,1000000000,7.0,889.5739280175258,2.99792458E8,4,387992.37738217716,3.4028234663852886E38,1.17645005E9,,,,0,,1,,1.17645005E9
Raw,21472466,394108000000,,,-1219932164022388506,0.0,344919.9389010837,,,0,25,0.0,16,1649701,1000000000,7.0,-180.46490316545487,2.99792458E8,4,-6282.14542173157,3.4028234663852886E38,1.17645005E9,,,,0,,1,,1.17645005E9
Raw,21472466,394108000000,,,-1219932164022388506,0.0,344919.9389010837,,,0,32,0.0,16,3592348,1000000000,7.0,0.40067835142950115,2.99792458E8,4,202.5343147097992,3.4028234663852886E38,1.17645005E9,,,,1,,1,,1.17645005E9
Raw,21473458,395108000000,,,-1219932164022388141,0.0,345022.9389010837,,,0,1,0.0,48,9919858,1000000000,24.93132209777832,-2.8603427379501287,2.99792458E8,4,-273.60233297444796,3.4028234663852886E38,1.57542003E9,,,,0,,1,,1.57542003E9
Raw,21473459,395108000000,,,-1219932164022388141,0.0,345022.9389010837,,,0,10,0.0,17,610695,17,35.6199836730957,413.8868205339438,0.34804961332350337,4,7933.712260348363,3.4028234663852886E38,1.57542003E9,,,,0,,1,,1.57542003E9
Raw,21473460,395108000000,,,-1219932164022388141,0.0,345022.9389010837,,,0,12,0.0,48,1910734,1000000000,33.68474197387695,321.71044196098137,2.99792458E8,4,6978.41795863824,3.4028234663852886E38,1.57542003E9,,,,0,,1,,1.57542003E9
Raw,21473460,395108000000,,,-1219932164022388141,0.0,345022.9389010837,,,0,14,0.0,51,18657047,40,32.83086013793945,-130.22789052890846,299.79579732383604,4,-2478.5334871153455,3.4028234663852886E38,1.57542003E9,,,,1,,1,,1.57542003E9
Raw,21473461,395108000000,,,-1219932164022388141,0.0,345022.9389010837,,,0,18,0.0,48,13882814,1000000000,26.978158950805664,265.0966698739302,2.99792458E8,4,5171.477041279034,3.4028234663852886E38,1.57542003E9,,,,0,,1,,1.57542003E9
Raw,21473461,395108000000,,,-1219932164022388141,0.0,345022.9389010837,,,0,20,0.0,48,3150510,1000000000,34.485416412353516,806.7616021268359,2.99792458E8,4,12364.338512038343,3.4028234663852886E38,1.57542003E9,,,,0,,1,,1.57542003E9
Raw,21473461,395108000000,,,-1219932164022388141,0.0,345022.9389010837,,,0,24,0.0,48,16802151,1000000000,31.450464248657227,893.5105199108234,2.99792458E8,4,29182.085435031953,3.4028234663852886E38,1.57542003E9,,,,1,,1,,1.57542003E9
Raw,21473462,395108000000,,,-1219932164022388141,0.0,345022.9389010837,,,0,25,0.0,48,1650277,1000000000,33.80840301513672,-178.54822509920984,2.99792458E8,4,-2576.484391858462,3.4028234663852886E38,1.57542003E9,,,,0,,1,,1.57542003E9
Raw,21473464,395108000000,,,-1219932164022388141,0.0,345022.9389010837,,,0,31,0.0,16,17709338,1000000000,30.166410446166992,-296.20112063437523,2.99792458E8,4,-1867.3659077032746,3.4028234663852886E38,1.57542003E9,,,,1,,1,,1.57542003E9
Raw,21473464,395108000000,,,-1219932164022388141,0.0,345022.9389010837,,,0,32,0.0,51,3592324,19,34.14936828613281,-3.2663699714674763,0.41363867149338507,4,-22.06532280051348,3.4028234663852886E38,1.57542003E9,,,,0,,1,,1.57542003E9
Raw,21473464,395108000000,,,-1219932164022388141,0.0,345022.9389010837,,,0,1,0.0,16,9919868,1000000000,7.0,-5.173679622475795,2.99792458E8,4,-2035.6269329799798,3.4028234663852886E38,1.17645005E9,,,,1,,1,,1.17645005E9
Raw,21473465,395108000000,,,-1219932164022388141,0.0,345022.9389010837,,,0,24,0.0,16,16802160,1000000000,7.0,889.132083051164,2.99792458E8,4,388882.40558864595,3.4028234663852886E38,1.17645005E9,,,,1,,1,,1.17645005E9
Raw,21473465,395108000000,,,-1219932164022388141,0.0,345022.9389010837,,,0,25,0.0,16,1650289,1000000000,7.0,-184.4562996488412,2.99792458E8,4,-6461.333293137631,3.4028234663852886E38,1.17645005E9,,,,1,,1,,1.17645005E9
Raw,21473465,395108000000,,,-1219932164022388141,0.0,345022.9389010837,,,0,32,0.0,16,3592326,1000000000,10.086980819702148,-3.357643056304754,2.99792458E8,4,201.31972991281955,3.4028234663852886E38,1.17645005E9,,,,1,,1,,1.17645005E9
Raw,21474466,396108000000,,,-1219932164022387776,0.0,345125.9389010837,,,0,1,0.0,51,9919846,54,21.510211944580078,-4.799692827050997,0.9831453366835001,4,-278.366253088237,3.4028234663852886E38,1.57542003E9,,,,0,,1,,1.57542003E9
Raw,21474466,396108000000,,,-1219932164022387776,0.0,345125.9389010837,,,0,10,0.0,16,6609309,1000000000,32.64731979370117,415.5779238616926,2.99792458E8,4,8347.636539222709,3.4028234663852886E38,1.57542003E9,,,,0,,1,,1.57542003E9
Raw,21474466,396108000000,,,-1219932164022387776,0.0,345125.9389010837,,,0,12,0.0,48,1909646,1000000000,29.609861373901367,321.71044196098137,2.99792458E8,4,7295.0915605187965,3.4028234663852886E38,1.57542003E9,,,,0,,1,,1.57542003E9
Raw,21474467,396108000000,,,-1219932164022387776,0.0,345125.9389010837,,,0,14,0.0,51,18657503,49,28.67166519165039,-130.22789052890846,299.79579732383604,4,-2614.6999613802436,3.4028234663852886E38,1.57542003E9,,,,0,,1,,1.57542003E9
Raw,21474467,396108000000,,,-1219932164022387776,0.0,345125.9389010837,,,0,18,0.0,51,13881908,43,24.278352737426758,264.6657653761123,0.8593778913493195,4,5435.509637551732,3.4028234663852886E38,1.57542003E9,,,,0,,1,,1.57542003E9
Raw,21474467,396108000000,,,-1219932164022387776,0.0,345125.9389010837,,,0,20,0.0,16,3147791,1000000000,30.5799617767334,806.7616021268359,2.99792458E8,4,13167.722994607457,3.4028234663852886E38,1.57542003E9,,,,1,,1,,1.57542003E9
Raw,21474467,396108000000,,,-1219932164022387776,0.0,345125.9389010837,,,0,24,0.0,48,16799174,1000000000,27.349000930786133,893.5105199108234,2.99792458E8,4,30069.344480405558,3.4028234663852886E38,1.57542003E9,,,,1,,1,,1.57542003E9
Raw,21474468,396108000000,,,-1219932164022387776,0.0,345125.9389010837,,,0,25,0.0,48,1650874,1000000000,29.940563201904297,-178.54822509920984,2.99792458E8,4,-2759.4895861392642,3.4028234663852886E38,1.57542003E9,,,,0,,1,,1.57542003E9
Raw,21474468,396108000000,,,-1219932164022387776,0.0,345125.9389010837,,,0,31,0.0,16,17710323,1000000000,26.332319259643555,-294.54021436310563,2.99792458E8,4,-2163.7582177054746,3.4028234663852886E38,1.57542003E9,,,,1,,1,,1.57542003E9
Raw,21474468,396108000000,,,-1219932164022387776,0.0,345125.9389010837,,,0,32,0.0,51,3592335,28,31.212854385375977,0.8033871385794296,299.79310480977074,4,-24.70982720960667,3.4028234663852886E38,1.57542003E9,,,,0,,1,,1.57542003E9
Raw,21474469,396108000000,,,-1219932164022387776,0.0,345125.9389010837,,,0,1,0.0,16,9919884,1000000000,7.0,-4.969739788334195,2.99792458E8,4,-2040.5946370827783,3.4028234663852886E38,1.17645005E9,,,,1,,1,,1.17645005E9
Raw,21474469,396108000000,,,-1219932164022387776,0.0,345125.9389010837,,,0,24,0.0,16,16799174,1000000000,7.0,890.0352681490185,2.99792458E8,4,389772.27466086805,3.4028234663852886E38,1.17645005E9,,,,1,,1,,1.17645005E9
Raw,21474469,396108000000,,,-1219932164022387776,0.0,345125.9389010837,,,0,25,0.0,16,1650887,1000000000,7.0,-187.51054786644806,2.99792458E8,4,-6643.575878006078,3.4028234663852886E38,1.17645005E9,,,,1,,1,,1.17645005E9
Raw,21474469,396108000000,,,-1219932164022387776,0.0,345125.9389010837,,,0,32,0.0,16,3592322,1000000000,7.0,-3.0177435102482146,2.99792458E8,4,196.36885775889627,3.4028234663852886E38,1.17645005E9,,,,1,,1,,1.17645005E9
Raw,21475470,397108000000,,,-1219932164022387411,0.0,345228.9389010837,,,0,1,0.0,51,9919900,41,25.00732421875,-7.656546107245411,0.8258842225764003,4,-285.88894688987517,3.4028234663852886E38,1.57542003E9,,,,0,,1,,1.57542003E9
Raw,21475470,397108000000,,,-1219932164022387411,0.0,345228.9389010837,,,0,10,0.0,17,607925,16,36.694923400878906,414.76181944025393,0.2997103387593354,4,8763.50839901679,3.4028234663852886E38,1.57542003E9,,,,0,,1,,1.57542003E9
Raw,21475472,397108000000,,,-1219932164022387411,0.0,345228.9389010837,,,0,12,0.0,51,1908602,20,33.50432586669922,318.4927854055759,0.4423425901971363,4,7613.15016675895,3.4028234663852886E38,1.57542003E9,,,,0,,1,,1.57542003E9
Raw,21475472,397108000000,,,-1219932164022387411,0.0,345228.9389010837,,,0,14,0.0,51,18657953,23,31.777040481567383,-133.7534991202258,0.5230294443663461,4,-2748.469767592474,3.4028234663852886E38,1.57542003E9,,,,0,,1,,1.57542003E9
Raw,21475473,397108000000,,,-1219932164022387411,0.0,345228.9389010837,,,0,18,0.0,51,13881040,34,27.201080322265625,263.77232786082334,0.7279460204699761,4,5698.774728763245,3.4028234663852886E38,1.57542003E9,,,,0,,1,,1.57542003E9
Raw,21475473,397108000000,,,-1219932164022387411,0.0,345228.9389010837,,,0,20,0.0,51,3145131,19,34.19048309326172,805.5419273377106,0.41170925164751515,4,13973.04193192481,3.4028234663852886E38,1.57542003E9,,,,0,,1,,1.57542003E9
Raw,21475473,397108000000,,,-1219932164022387411,0.0,345228.9389010837,,,0,24,0.0,51,16796201,27,30.121192932128906,891.0566512060941,0.5971561911788408,4,30959.357521160964,3.4028234663852886E38,1.57542003E9,,,,0,,1,,1.57542003E9
Raw,21475474,397108000000,,,-1219932164022387411,0.0,345228.9389010837,,,0,25,0.0,51,1651479,20,33.60063934326172,-181.51097896228123,0.4379652578220836,4,-2939.7014637395905,3.4028234663852886E38,1.57542003E9,,,,0,,1,,1.57542003E9
Raw,21475474,397108000000,,,-1219932164022387411,0.0,345228.9389010837,,,0,31,0.0,17,711329,30,28.85724449157715,-295.8049461597541,0.6513849741407185,4,-2459.9475085510517,3.4028234663852886E38,1.57542003E9,,,,0,,1,,1.57542003E9
Raw,21475475,397108000000,,,-1219932164022387411,0.0,345228.9389010837,,,0,32,0.0,51,3592340,17,35.53784942626953,-2.6304078414417127,0.35120024353292645,4,-27.578990781661183,3.4028234663852886E38,1.57542003E9,,,,0,,1,,1.57542003E9
Raw,21475476,397108000000,,,-1219932164022387411,0.0,345228.9389010837,,,0,1,0.0,16,9919857,1000000000,7.0,-4.964884103356461,2.99792458E8,4,-2045.5992795573566,3.4028234663852886E38,1.17645005E9,,,,1,,1,,1.17645005E9
Raw,21475476,397108000000,,,-1219932164022387411,0.0,345228.9389010837,,,0,24,0.0,16,16796205,1000000000,7.0,890.0352681490185,2.99792458E8,4,390662.3098972135,3.4028234663852886E38,1.17645005E9,,,,1,,1,,1.17645005E9
Raw,21475476,397108000000,,,-1219932164022387411,0.0,345228.9389010837,,,0,25,0.0,16,1651490,1000000000,7.0,-181.49431264104157,2.99792458E8,4,-6827.230116884608,3.4028234663852886E38,1.17645005E9,,,,1,,1,,1.17645005E9
Raw,21475477,397108000000,,,-1219932164022387411,0.0,345228.9389010837,,,0,32,0.0,16,3592336,1000000000,7.0,-3.542160150535418,2.99792458E8,4,193.88350815778853,3.4028234663852886E38,1.17645005E9,,,,1,,1,,1.17645005E9
Raw,21476445,398108000000,,,-1219932164022387046,0.0,345331.9389010837,,,0,1,0.0,51,9919924,54,21.56951141357422,-8.776416280365869,0.9804786507297818,4,-294.43541202574454,3.4028234663852886E38,1.57542003E9,,,,0,,1,,1.57542003E9
Raw,21476446,398108000000,,,-1219932164022387046,0.0,345331.9389010837,,,0,10,0.0,17,606538,20,33.46851348876953,415.47294989560237,0.4447980913982792,4,9179.238881747426,3.4028234663852886E38,1.57542003E9,,,,0,,1,,1.57542003E9
Raw,21476446,398108000000,,,-1219932164022387046,0.0,345331.9389010837,,,0,12,0.0,51,1907545,26,30.41717529296875,317.7490039568786,0.5811680575701521,4,7931.938168932009,3.4028234663852886E38,1.57542003E9,,,,1,,1,,1.57542003E9
Raw,21476447,398108000000,,,-1219932164022387046,0.0,345331.9389010837,,,0,14,0.0,51,18658399,31,28.38861083984375,-132.00616825982848,0.6754034537311049,4,-2881.4577192850097,3.4028234663852886E38,1.57542003E9,,,,0,,1,,1.57542003E9
Raw,21476447,398108000000,,,-1219932164022387046,0.0,345331.9389010837,,,0,18,0.0,51,13880153,43,24.452495574951172,264.7346801032014,0.8515466481556291,4,5962.1927174288485,3.4028234663852886E38,1.57542003E9,,,,0,,1,,1.57542003E9
Raw,21476448,398108000000,,,-1219932164022387046,0.0,345331.9389010837,,,0,20,0.0,51,3142452,25,30.74007225036621,804.9475974608658,0.5668698679531521,4,14779.070971609712,3.4028234663852886E38,1.57542003E9,,,,1,,1,,1.57542003E9
Raw,21476448,398108000000,,,-1219932164022387046,0.0,345331.9389010837,,,0,24,0.0,51,16793233,34,27.108076095581055,890.7942844557815,0.7326521287293377,4,31849.867542758228,3.4028234663852886E38,1.57542003E9,,,,0,,1,,1.57542003E9
Raw,21476448,398108000000,,,-1219932164022387046,0.0,345331.9389010837,,,0,25,0.0,51,1652127,26,30.37409210205078,-182.1098588470718,0.5830595007725723,4,-3121.4133354915425,3.4028234663852886E38,1.57542003E9,,,,1,,1,,1.57542003E9
Raw,21476449,398108000000,,,-1219932164022387046,0.0,345331.9389010837,,,0,31,0.0,17,712286,38,25.746292114257812,-294.8318238611148,0.7912808103802549,4,-2756.2064125001366,3.4028234663852886E38,1.57542003E9,,,,0,,1,,1.57542003E9
Raw,21476449,398108000000,,,-1219932164022387046,0.0,345331.9389010837,,,0,32,0.0,51,3592365,22,32.25360870361328,-1.5572241101623119,0.4988887472170225,4,-29.775766104531794,3.4028234663852886E38,1.57542003E9,,,,0,,1,,1.57542003E9
Raw,21476450,398108000000,,,-1219932164022387046,0.0,345331.9389010837,,,0,1,0.0,16,9919894,1000000000,10.56617546081543,-4.969739788334195,2.99792458E8,4,-2050.569067702164,3.4028234663852886E38,1.17645005E9,,,,1,,1,,1.17645005E9
Raw,21476450,398108000000,,,-1219932164022387046,0.0,345331.9389010837,,,0,24,0.0,16,16793242,1000000000,7.0,890.0352681490185,2.99792458E8,4,391549.89875952946,3.4028234663852886E38,1.17645005E9,,,,1,,1,,1.17645005E9
Raw,21476451,398108000000,,,-1219932164022387046,0.0,345331.9389010837,,,0,25,0.0,16,1652083,1000000000,7.0,-183.5968423427055,2.99792458E8,4,-7006.966650231008,3.4028234663852886E38,1.17645005E9,,,,1,,1,,1.17645005E9
Raw,21476451,398108000000,,,-1219932164022387046,0.0,345331.9389010837,,,0,32,0.0,16,3592354,1000000000,7.0,-2.48361496746716,2.99792458E8,4,191.19150404485544,3.4028234663852886E38,1.17645005E9,,,,1,,1,,1.17645005E9
